$ 1 0.000005 0.32112705431535615 50 5 43
a 48 304 176 304 8 5 0 1000000 2.000000410356013 0.15708425735482567 100000
R -64 288 -144 288 0 4 20000 5 5 0 0.5
R -64 320 -112 352 0 1 15000 5 5 0 0.5
w -64 288 48 288 0
w -64 320 48 320 0
r 256 304 368 304 0 1000
c 384 336 384 416 0 2.5e-7 2.988632924953195
w 368 304 384 336 0
w 368 304 464 304 0
g 384 416 384 464 0
w 176 304 256 304 0
o 8 1 0 12294 3.0379222790451545 0.0001 0 2 8 3
o 10 1 0 12290 5.00096488321101 0.0001 1 2 10 3
o 4 1 0 4098 10 0.1 2 2 4 3
